1
4
6
7
8
9
10
13
14
15
19
20
21
22
23
24
25
26
27
29
31
32
34
37
38
39
40
42
43
44
45
49
50
51
52
56
59
60
62
63
64
66
68
71
73
78
79
80
81
82
83
84
86
87
88
92
94
95
96
97
98
99
101
102
103
104
105
107
108
110
111
113
114
115
116
117
119
120
122
123
124
125
126
128
129
131
132
133
134
135
136
137
138
139
140
141
143
144
145
148
149
150
151
152
154
155
156
157
158
159
160
162
163
164
165
166
167
168
169
171
173
174
175
176
177
178
179
181
182
183
184
187
188
189
190
192
194
196
197
198
199
201
203
206
207
209
210
211
212
213
214
